
 LOAN  DELINQ  DEBTINC         I_BAD  Predicted for BAD =1  Predicted for BAD
11000       4     32.9             0          0.0562730627             0
 5000       1     41.2             0          0.0562730627             0
18000       2       60             1                     1             1
25000       0     24.8             1          0.7272727273             1
 9000       4     38.6             0          0.0562730627             0
14000       0     29.4             0          0.0562730627             0
 7000       3       45             1                     1             1
30000       5     18.9             1                     1             1
12500       1     45.1             1          0.6818181818             1
16000       3       55             1                     1             1
 6000       5     51.7             1                     1             1
21000       0     27.6             0          0.0562730627             0

                                                   The FREQ Procedure

                                          Cumulative    Cumulative
I_BAD           Frequency    Percent     Frequency      Percent
---------------------------------------------------------------------
           0            5     41.67            5        41.67
           1            7     58.33           12       100.00
